478020
478130
478200
478474
478480
478490
478495
478497
478508
478509
478512
478514
478520
478530
478535
478540
478546
478548
478610
478615
478630
478632
478633
478637
478644
478656
478659
478662
478665
478667
478668
478671
478684
478685
478717
478726
478748
478824
478941
478990
478998
479004
479010
479011
479012
479022
479089
483337
483374
483377
483394
483615
483623
483627
483632
483709
483714
483776
483923
483958
483969
484003
484010
484013
484040
484569
484632
484634
484635
484638
484642
484661
484670
484679
484681
484682
484684
484687
484688
484694
484695
484700
484710
484711
484712
484713
484723
484732
484734
484736
484768
484782
484783
484784
484946
487605
487612
487614
487617
487619
487620
487621
487623
487638
487639
487641
487642
487645
487993
488004