4417940
4418008
4418026
4418056
4418062
4418067
4418069
4418071
4418072
4418075
4418081
4418082
4418084
4418085
4418088
4418094
4418098
4418110
4418113
4418114
4418116
4418117
4418121
4418124
4418127
4418128
4418137
4418139
4418146
4418148
4418159
4418160
4418238
4418239
4418244
4418245
4418248
4418262
4418266
4418271
4418282
4418285
4418286
4418290
4418291
4418293
4418294
4418295
4418296
4418297
4418307
4418310
4418311
4418314
4418338
4418339
4418340
4418351
4419189
4419204
4419213
4419214
4419222
4419223
4419247
4419248
4419261
4419270
4419273
4419276
4419277
4419283
4419288
4419289
4419291
4419302
4419346
4419368
4419430
4419510
4419550
4419757
4419987
4420136
4420527
4420555
4420559
4420561
4420569
4420585
4420587
4420596
4420609
4420611
4420613
4420618
4420627
4420671
4420715
4420727
4420735
4420738
4420739
4420740
4420741
4420742
4420744
4420753
4420797